Work_Location,H_Androscoggin,H_Aroostook,H_Cumberland,H_Franklin,H_Hancock,H_Kennebec,H_Knox,H_Lincoln,H_Oxford,H_Penobscot,H_Piscataquis,H_Sagadahoc,H_Somerset,H_Waldo,H_Washington,H_York,H_NH,H_MA,H_CtRiVt,H-RestUS
Androscoggin County,0.5423,0.0081,0.043,0.0947,0.0127,0.0771,0.0124,0.0304,0.1606,0.0143,0.016,0.0729,0.0361,0.0119,0.0098,0.0235,0.000614140225,0.000063687119,0.000024325826,0.000001635108
Aroostook County,0.0017,0.8033,0.0016,0.0046,0.005,0.0017,0.0054,0.0016,0.0043,0.0151,0.0153,0.0014,0.0043,0.0058,0.0535,0.0017,0.000053772646,0.000019420287,0.000011963521,0.000003844713
Cumberland County,0.2164,0.0254,0.7674,0.1046,0.0538,0.0978,0.0643,0.1577,0.1785,0.0471,0.0549,0.3725,0.0857,0.0566,0.0303,0.2987,0.003342394496,0.000431530207,0.000160311179,0.000010134722
Franklin County,0.0123,0.0025,0.0027,0.4517,0.0057,0.0146,0.0075,0.0044,0.0213,0.0057,0.0062,0.0035,0.0358,0.0077,0.0039,0.0023,0.000191034402,0.000022561804,0.000006380544,0.000000478748
Hancock County,0.0026,0.0105,0.0023,0.0105,0.6389,0.0045,0.0157,0.0035,0.0055,0.0376,0.0191,0.0034,0.0114,0.0396,0.0728,0.002,0.000116035711,0.000023704174,0.000001993920,0.000001679300
Kennebec County,0.0604,0.024,0.0236,0.091,0.0342,0.5969,0.0596,0.11,0.0409,0.0542,0.053,0.0847,0.2286,0.1028,0.026,0.015,0.000390559221,0.000063687119,0.000025522178,0.000002334816
Knox County,0.0037,0.0043,0.0044,0.0115,0.015,0.0115,0.6211,0.0981,0.0084,0.0094,0.012,0.0143,0.0095,0.0943,0.0048,0.003,0.000072168552,0.000030843986,0.000014755009,0.000001215283
Lincoln County,0.0048,0.0013,0.0045,0.0084,0.0069,0.0141,0.0519,0.3955,0.0061,0.0031,0.0057,0.0351,0.0052,0.0133,0.0016,0.0026,0.000052357577,0.000011709291,0.000005582976,0.000000655516
Oxford County,0.0275,0.0039,0.0098,0.0533,0.0044,0.0072,0.0043,0.0093,0.3761,0.0035,0.0049,0.0075,0.0138,0.0037,0.0042,0.0083,0.000800929418,0.000054833752,0.000020736769,0.000001045880
Penobscot County,0.0184,0.0685,0.0138,0.0363,0.137,0.0333,0.0449,0.0175,0.0302,0.7189,0.2199,0.0148,0.1104,0.164,0.0877,0.0113,0.000358012620,0.000052549013,0.000026718530,0.000003380696
Piscataquis County,0.0006,0.0028,0.0004,0.0039,0.0036,0.0014,0.0028,0.0008,0.0015,0.0152,0.4971,0.0011,0.0139,0.0038,0.0036,0.0006,0.000016980836,0.000001999147,0.000000797568,0.000000265153
Sagadahoc County,0.0444,0.0013,0.0201,0.0095,0.0047,0.035,0.0122,0.0924,0.0077,0.0031,0.0032,0.3272,0.0116,0.0089,0.0013,0.0048,0.000086319248,0.000016564363,0.000009969601,0.000000471382
Somerset County,0.0061,0.006,0.0028,0.0485,0.0108,0.047,0.0084,0.0072,0.0138,0.0222,0.0467,0.0048,0.3688,0.0253,0.0131,0.0027,0.000106130223,0.000013422846,0.000007178112,0.000000758631
Waldo County,0.0025,0.003,0.0023,0.0063,0.0217,0.01,0.0547,0.0083,0.0041,0.016,0.0099,0.0054,0.0132,0.4287,0.0125,0.0016,0.000055187716,0.000021133842,0.000002791488,0.000000478748
Washington County,0.001,0.015,0.0007,0.0012,0.0171,0.0008,0.0073,0.0015,0.0014,0.01,0.0079,0.0007,0.0021,0.0064,0.6495,0.0007,0.000018395905,0.000005711849,0.000002392704,0.000000743900
York County,0.0211,0.0043,0.0606,0.0283,0.0123,0.0143,0.0121,0.0246,0.0412,0.0078,0.0113,0.02,0.0175,0.0108,0.0052,0.4357,0.007062612586,0.000230473115,0.000053835844,0.000004286634
New Hampshire,0.007,0.0026,0.0137,0.0192,0.0037,0.0055,0.003,0.0065,0.0808,0.0042,0.0049,0.0057,0.0156,0.0034,0.0045,0.15,0.805962820460,0.013168097152,0.008125224565,0.000037519093
Massachusetts,0.0156,0.0039,0.0158,0.004,0.0034,0.0155,0.0037,0.0185,0.0037,0.0038,0.0046,0.0154,0.0034,0.0037,0.0054,0.0251,0.151068589841,0.945775130780,0.052308102135,0.000379948951
CT-RI-VT,0.0027,0.0011,0.0029,0.0063,0.002,0.0035,0.0023,0.0041,0.0076,0.0016,0.0017,0.0023,0.0061,0.0016,0.0014,0.003,0.020337380904,0.026674906961,0.886056237321,0.000734119176
Outside New England,0.0089,0.0081,0.0074,0.0062,0.0071,0.0085,0.0062,0.0083,0.0064,0.0071,0.0057,0.0075,0.0068,0.0077,0.0092,0.0075,0.009294177413,0.013318033193,0.053135180209,0.996102912237
